Iteration,xn,fxn,E
0,-2,-2,1.0005
1,-0.5,-0.5,1.5
2,0.25,0.25,0.75
3,-0.125,-0.125,0.375
4,0.0625,0.0625,0.1875
5,-0.03125,-0.03125,0.09375
6,0.015625,0.015625,0.046875
7,-0.0078125,-0.0078125,0.0234375
8,0.00390625,0.00390625,0.01171875
9,-0.001953125,-0.001953125,0.005859375
10,0.0009765625,0.0009765625,0.0029296875
11,-0.00048828125,-0.00048828125,0.00146484375
12,0.000244140625,0.000244140625,0.000732421875
13,-0.0001220703125,-0.0001220703125,0.0003662109375
